 VECM Order Selection (* highlights the minimums) 
==================================================
       AIC         BIC         FPE         HQIC   
--------------------------------------------------
0       -16.26     -15.99*   8.670e-08      -16.15
1       -16.23      -15.86   8.905e-08      -16.08
2       -16.36      -15.87   7.896e-08      -16.16
3       -16.40      -15.80   7.593e-08      -16.16
4      -16.49*      -15.79  6.897e-08*     -16.21*
5       -16.43      -15.62   7.376e-08      -16.10
6       -16.38      -15.46   7.729e-08      -16.01
7       -16.32      -15.29   8.244e-08      -15.91
8       -16.32      -15.19   8.285e-08      -15.86
9       -16.26      -15.01   8.884e-08      -15.75
10      -16.24      -14.89   9.068e-08      -15.70
11      -16.47      -15.01   7.244e-08      -15.88
12      -16.41      -14.84   7.797e-08      -15.77
13      -16.39      -14.71   8.043e-08      -15.71
14      -16.34      -14.55   8.528e-08      -15.62
15      -16.29      -14.39   9.096e-08      -15.52
--------------------------------------------------
