 VECM Order Selection (* highlights the minimums) 
==================================================
       AIC         BIC         FPE         HQIC   
--------------------------------------------------
0       -16.10     -15.94*   1.017e-07      -16.04
1       -16.08      -15.81   1.041e-07      -15.97
2       -16.32      -15.94   8.202e-08      -16.16
3       -16.32      -15.83   8.178e-08      -16.12
4       -16.44      -15.85   7.242e-08     -16.20*
5       -16.40      -15.70   7.539e-08      -16.12
6       -16.36      -15.55   7.901e-08      -16.03
7       -16.31      -15.39   8.305e-08      -15.94
8       -16.34      -15.31   8.080e-08      -15.93
9       -16.29      -15.15   8.542e-08      -15.83
10      -16.29      -15.05   8.566e-08      -15.79
11     -16.53*      -15.18  6.782e-08*      -15.99
12      -16.47      -15.01   7.278e-08      -15.88
13      -16.45      -14.88   7.478e-08      -15.82
14      -16.40      -14.72   7.923e-08      -15.72
15      -16.35      -14.56   8.456e-08      -15.63
--------------------------------------------------
