 VECM Order Selection (* highlights the minimums) 
==================================================
       AIC         BIC         FPE         HQIC   
--------------------------------------------------
0       -16.06     -15.84*   1.062e-07      -15.97
1       -16.04      -15.71   1.087e-07      -15.90
2       -16.27      -15.84   8.561e-08      -16.10
3       -16.28      -15.74   8.537e-08      -16.06
4       -16.40      -15.75   7.561e-08     -16.14*
5       -16.36      -15.60   7.873e-08      -16.06
6       -16.32      -15.45   8.254e-08      -15.97
7       -16.27      -15.30   8.679e-08      -15.88
8       -16.30      -15.22   8.447e-08      -15.86
9       -16.25      -15.06   8.934e-08      -15.77
10      -16.25      -14.95   8.964e-08      -15.73
11     -16.49*      -15.08  7.101e-08*      -15.92
12      -16.43      -14.91   7.625e-08      -15.81
13      -16.41      -14.78   7.840e-08      -15.75
14      -16.36      -14.63   8.312e-08      -15.66
15      -16.31      -14.47   8.878e-08      -15.56
--------------------------------------------------
