,Inflation,gIh,Own Interest rate,Interest rate
1987-03-31,,,,0.09029999999999999
1987-06-30,0.02049104385423095,0.012822461255941296,0.11091958204496566,0.1035
1987-09-30,0.018990119085447787,0.001109933064426189,0.12599155867974754,0.11019999999999999
1987-12-31,0.017537346678150323,0.011925334903303973,0.12133697459913909,0.1061
1988-03-31,0.016520000583745587,-0.010302294902613866,0.11214724970569973,0.0999
1988-06-30,0.017787667791256512,0.023391675412826777,0.1170235621654852,0.10400000000000001
1988-09-30,0.019084830874263492,0.007998082016672955,0.11485787654949735,0.1042
1988-12-31,0.01696956275001038,0.017279396346822358,0.12543499146325812,0.10769999999999999
1989-03-31,0.017870510255468153,-0.0030113323051343963,0.1314886950782578,0.1119
1989-06-30,0.009319926189393701,-0.018169922375337273,0.12794572361836012,0.1007
1989-09-30,0.007630857279122383,-0.00114445179147815,0.13319462391538872,0.1016
1989-12-31,0.008506554122457599,-0.013426305035885128,0.12415740573525491,0.0978
1990-03-31,0.006466247751153675,0.017392366713553705,0.13684125895973603,0.10220000000000001
1990-06-30,0.0006865107121576397,-0.03128648661106832,0.14814906560879418,0.1015
1990-09-30,-0.00534593230211633,-0.04196169837788719,0.1636522240324759,0.10220000000000001
1990-12-31,-0.008654121444002127,-0.046218962905804545,0.15990712726895526,0.0968
1991-03-31,-0.007968284390301505,-0.04157217912367677,0.15488690662272128,0.09519999999999999
1991-06-30,0.00553129548762743,0.04079540855115367,0.1281960096705306,0.0967
1991-09-30,0.0025661946623152243,0.04642116132195413,0.12017493336921216,0.0892
1991-12-31,-0.0018508066103986032,0.016733238101630094,0.1185027266264573,0.08349999999999999
1992-03-31,0.0029983430209619133,0.06551655448625789,0.12041675231594272,0.0898
1992-06-30,0.0007604562737644205,0.052721558552272695,0.1147757300706661,0.0843
1992-09-30,-0.0011791216853578312,0.007944790463313558,0.11115830597892849,0.0802
1992-12-31,0.005732049634040726,0.06304622493118793,0.10019572903014816,0.0814
1993-03-31,0.002504075643951831,0.0119424012844597,0.09522231500052962,0.075
1993-06-30,0.004865546983751079,0.026665180955336616,0.08839209438457785,0.07339999999999999
1993-09-30,0.007159410157817625,0.055476659811267,0.07829399050012072,0.0695
1993-12-31,0.006889991516055183,0.06748396438322063,0.08156296896719259,0.0713
1994-03-31,0.006740712370739255,0.031578647831328716,0.09265366481579851,0.078
1994-06-30,0.007228182302366326,0.045282757807491934,0.10292730258893372,0.08460000000000001
1994-09-30,0.006244649242080458,-0.004502884525928025,0.11110723647396932,0.0882
1994-12-31,0.004742004904659813,-0.003004754577820919,0.12061193604005988,0.09179999999999999
1995-03-31,0.00383547314546151,-0.010754630581708306,0.10791778340833855,0.08380000000000001
1995-06-30,0.0023197826599348215,-0.023570863292534605,0.09606025980011307,0.0753
1995-09-30,0.0064729324983290315,0.048258440727152185,0.0901604098249467,0.0762
1995-12-31,0.0053368748539737165,0.027805363676466188,0.0838708687516801,0.0711
1996-03-31,0.005602103846859663,0.0337408210548265,0.09285134665575213,0.07690000000000001
1996-06-30,0.006811574811769416,0.058084880543484166,0.10077581079079555,0.08289999999999999
1996-09-30,0.006125185748976136,0.008316154656972203,0.09981539521240222,0.0816
1996-12-31,0.005559558117194996,-0.00671308896654844,0.09209855976222601,0.0764
1997-03-31,0.008717146507767781,0.010188207593715413,0.09196663707350257,0.0797
1997-06-30,0.007517194843322583,0.02033043995474828,0.08769034396482005,0.0758
1997-09-30,0.009035578324012361,0.01917893293396788,0.08033326518778253,0.0728
1997-12-31,0.01443925614541719,0.019200981801269133,0.0672588525822907,0.0699
1998-03-31,0.015542316654613808,0.025753885747367224,0.06687319876169169,0.0708
1998-06-30,0.01581309129545283,0.04888071966012857,0.06471173418402097,0.0696
1998-09-30,0.015722710581951516,0.04576436341911233,0.0602655307425613,0.0664
1998-12-31,0.015873711424909454,0.03690682408129709,0.06274708486921506,0.0683
1999-03-31,0.01628348358711129,0.013950212857400274,0.06428492623698985,0.0698
1999-06-30,0.018664714246302117,0.029420277758840995,0.07011796524615624,0.07629999999999999
1999-09-30,0.019687294924011223,0.017006557978764148,0.07044306853397767,0.0776
1999-12-31,0.020226578541438833,0.016304041290731694,0.07407255892018758,0.0806
2000-03-31,0.022599152907250453,0.023929666389328436,0.07285435248364706,0.0823
2000-06-30,0.02248159172802744,0.0049846803716664,0.0728908562952174,0.08220000000000001
2000-09-30,0.020234811920631257,-0.007067418976431915,0.07136533866886091,0.0788
2000-12-31,0.024385894102518346,0.010117115769562722,0.054458058686814345,0.0713
2001-03-31,0.018106015485408022,0.01959573669858853,0.06054523511503491,0.0691
2001-06-30,0.015174015174015176,0.03206576620576284,0.0678830175028039,0.0711
2001-09-30,0.017881681250387915,0.024348223046261504,0.0582029425587224,0.0672
2001-12-31,0.014249133380946688,-0.00072918279149868,0.07006652073398148,0.0716
2002-03-31,0.019235723486474843,0.035060099482928916,0.06269634086890906,0.0718
2002-06-30,0.026320667284522647,0.03441790992431882,0.044091743607798675,0.0655
2002-09-30,0.024340387804357544,0.007471102936875428,0.03957071861272559,0.0599
2002-12-31,0.022760240104504836,0.039643881610881615,0.04088139711574163,0.0593
2003-03-31,0.019832470086742715,0.04651929404133157,0.044528004380526356,0.0591
2003-06-30,0.019208605455243832,0.018807198834608862,0.036819223033000906,0.0524
2003-09-30,0.027478326422917032,0.0830264890208777,0.035416354475169005,0.059800000000000006
2003-12-31,0.02851168421438821,0.05773088402828752,0.032541115146691446,0.058499999999999996
2004-03-31,0.03481926937316748,0.03839615107846493,0.019871553072468424,0.054000000000000006
2004-06-30,0.033013470102438935,0.06381864923025418,0.03178318933581048,0.0625
2004-09-30,0.028888696104797384,0.030522728519573897,0.030519566137129583,0.0572
2004-12-31,0.03342197431573468,0.03322978469809281,0.026123827416830118,0.0581
2005-03-31,0.04070092196845576,0.04236576835390154,0.02032337956942718,0.0604
2005-06-30,0.03240902676428403,0.039909242332860494,0.024099669832487146,0.0553
2005-09-30,0.03064979671947321,0.043434807679423815,0.030627082958641517,0.0591
2005-12-31,0.02536287328765141,0.017768208840181297,0.04114069223988786,0.0622
2006-03-31,0.019086416750500268,0.006926399617773733,0.05138650813605068,0.0635
2006-06-30,-0.004648337283787329,-0.03549259207888191,0.09601860945806172,0.0678
2006-09-30,-0.003852651081684866,-0.04316510290631956,0.08677520742101676,0.06309999999999999
2006-12-31,0.007319354715185078,-0.034407822322421705,0.0663876124002494,0.061799999999999994
2007-03-31,6.516745320173101e-05,-0.03482599433516727,0.07772047373515335,0.0616
2007-06-30,-0.021145460568114505,-0.03619587491212746,0.1264341329057237,0.0667
2007-09-30,-0.01494516223877873,-0.05071642054240385,0.1091386797997413,0.0642
2007-12-31,-0.018139836116351393,-0.06195931765420695,0.11087062353975267,0.0617
2008-03-31,-0.02458931767081174,-0.062442002888563566,0.11790316245387557,0.058499999999999996
2008-06-30,-0.029595959001982086,-0.04126373366741954,0.14050630044586146,0.0645
2008-09-30,-0.02852918363389567,-0.0478421024444573,0.1308639510120124,0.060899999999999996
2008-12-31,-0.041748796127647925,-0.07577613309813472,0.1401548679164056,0.051
2009-03-31,-0.03228032260794278,-0.07303786604095225,0.11477364772914966,0.048499999999999995
2009-06-30,-0.0038476026475809944,-0.05696150325891381,0.07268684541127457,0.0542
2009-09-30,-0.00045917402695616616,0.045497402907088993,0.06169452762792346,0.0504
2009-12-31,-0.0006147651732153481,0.0054683091606717174,0.06338843752789546,0.051399999999999994
2010-03-31,-0.014026620159125924,-0.027501554162838074,0.08294479638976465,0.0499
2010-06-30,-0.0009598376503175965,0.05273077991834694,0.05742675522354962,0.046900000000000004
2010-09-30,-0.018570114879424615,-0.06530272957684263,0.07993128027758287,0.0432
2010-12-31,-0.006656784046093933,0.024248382773046258,0.0686862665193093,0.048600000000000004
2011-03-31,-0.014620582852316044,-0.0014060918910268852,0.08186412474974404,0.048600000000000004
2011-06-30,-0.0009143967481766158,0.015860791865807158,0.05482061307520412,0.0451
2011-09-30,-0.008515962961638923,0.01951430005811951,0.05903293887171012,0.0401
2011-12-31,-0.014372872555241445,0.029105122546610376,0.06723971390742724,0.0395
2012-03-31,0.009007031484367767,0.07327816034944018,0.03436072897499607,0.039900000000000005
2012-06-30,0.022682774724079202,0.013109480164901974,0.014321133425928705,0.0366
2012-09-30,0.013323406367439672,0.039255840018498106,0.022030678691025218,0.034
2012-12-31,0.0181794008774816,0.07952015385886146,0.01592098264128762,0.0335
2013-03-31,0.030589593627798006,0.06389714972547306,0.005051576427437466,0.035699999999999996
2013-06-30,0.028361274490190658,0.05412368867852504,0.016754903195934187,0.0446
2013-09-30,0.026081148556198697,0.03523913948515155,0.01776193959545829,0.0432
2013-12-31,0.01746159145058246,0.0030686993213243402,0.029728744420687143,0.044800000000000006
2014-03-31,0.013068647668264877,0.014957900785761157,0.034254449981020944,0.044000000000000004
2014-06-30,0.00592887798896391,0.03924802237258142,0.04027852646209252,0.0414
2014-09-30,0.01121493048571609,0.03698082183958891,0.03414344754388085,0.042
2014-12-31,0.013097699313470823,0.043107164861956614,0.02779198731279851,0.0387
2015-03-31,0.010471204188481797,0.028896385293264482,0.02886018605153259,0.0369
2015-06-30,0.009632595383890719,0.0336077060651272,0.033933532956423616,0.04019999999999999
2015-09-30,0.01377452238214083,0.041191727559390746,0.026850988100538802,0.038599999999999995
2015-12-31,0.015848088450166165,0.02612638171831634,0.02611625229326765,0.0401
2016-03-31,0.009218938463019466,0.04409660395652872,0.030654335808450166,0.0371
2016-06-30,0.010520645715151433,0.009094697562133979,0.02629887162504897,0.0348
2016-09-30,0.015264081378820293,0.009724944487378383,0.020004536185650887,0.0342
2016-12-31,0.016019032513877818,0.03423725563473991,0.029586401432843596,0.0432
2017-03-31,0.012644395878863568,0.040895796495583385,0.03160109201569042,0.0414
2017-06-30,0.013007447255253268,0.010158307828023013,0.028021170098689967,0.0388
2017-09-30,0.016775987825995653,0.007148031914025147,0.022921812868676446,0.0383
2017-12-31,0.01750556080240706,0.03736870158867519,0.023907489174460263,0.039900000000000005
2018-03-31,0.015358162701170297,0.014391410845314262,0.03185523268436635,0.0444
2018-06-30,0.011074645206731626,0.01319440068668687,0.03871287705663806,0.0455
2018-09-30,0.009446453627398821,-0.00434801675589873,0.04307015180228932,0.0472
2018-12-31,0.00842322676638152,-0.0073433064346111795,0.0422389929228476,0.0455
2019-03-31,0.006882259011731007,0.0013863043622828403,0.03799385729779689,0.0406
2019-06-30,0.0077221566122773755,-0.0006368532212735481,0.03278199125457842,0.0373
2019-09-30,0.0023916922179116895,0.02061396932372209,,
